sigmoid:
[[45.084263]
 [45.014046]
 [44.857502]
 [44.63061 ]
 [44.37978 ]
 [44.130604]
 [43.913692]
 [43.72966 ]
 [43.59358 ]
 [43.48381 ]
 [43.35966 ]
 [43.230194]
 [43.097935]
 [42.981117]
 [42.865635]
 [42.72877 ]
 [42.58932 ]
 [42.46701 ]
 [42.368587]
 [42.252895]
 [42.14169 ]
 [42.113163]
 [42.241283]
 [42.480076]
 [42.758286]
 [43.006477]
 [43.172546]
 [43.25726 ]
 [43.29378 ]
 [43.30395 ]
 [43.303535]
 [43.300034]
 [43.301884]
 [43.303535]
 [43.305202]
 [43.307983]
 [43.30284 ]
 [43.285793]
 [43.23525 ]
 [43.123314]
 [42.975758]
 [42.85021 ]
 [42.767048]
 [42.678757]
 [42.585693]
 [42.487164]
 [42.40444 ]
 [42.3437  ]
 [42.336426]
 [42.421173]
 [42.57085 ]
 [42.725082]
 [42.854824]
 [42.92091 ]
 [42.89571 ]
 [42.796562]
 [42.644928]
 [42.452106]
 [42.252308]
 [42.069775]
 [41.903614]
 [41.765152]
 [41.587463]
 [41.332485]
 [41.063786]
 [40.803974]
 [40.653923]
 [40.629932]
 [40.740955]
 [40.96652 ]
 [41.24432 ]
 [41.52227 ]
 [41.80189 ]
 [42.10333 ]
 [42.43419 ]
 [42.75435 ]
 [43.03333 ]
 [43.242256]
 [43.394653]
 [43.51183 ]
 [43.604645]
 [43.687916]
 [43.791084]
 [43.9387  ]
 [44.08297 ]
 [44.197086]
 [44.275097]
 [44.336567]
 [44.386585]
 [44.414677]
 [44.41851 ]
 [44.42068 ]
 [44.427017]
 [44.42846 ]
 [44.421593]
 [44.396282]
 [44.329777]
 [44.234127]
 [44.14994 ]
 [44.094112]
 [44.082005]
 [44.102924]
 [44.141148]
 [44.18218 ]
 [44.196846]
 [44.168392]
 [44.11479 ]
 [44.04667 ]
 [44.00851 ]
 [43.98808 ]
 [43.98959 ]
 [44.038025]
 [44.11548 ]
 [44.200066]
 [44.2643  ]
 [44.28604 ]
 [44.26042 ]
 [44.239147]
 [44.23282 ]
 [44.242504]
 [44.241505]
 [44.240814]
 [44.25125 ]
 [44.27791 ]
 [44.317844]
 [44.360245]
 [44.418007]
 [44.481895]
 [44.52018 ]
 [44.531647]
 [44.525547]
 [44.52334 ]
 [44.519127]
 [44.514957]
 [44.49346 ]
 [44.451042]
 [44.39036 ]
 [44.313084]
 [44.241917]
 [44.193024]
 [44.173973]
 [44.199005]
 [44.270077]
 [44.35323 ]
 [44.43697 ]
 [44.509525]
 [44.5641  ]
 [44.58197 ]
 [44.572083]
 [44.54742 ]
 [44.51859 ]
 [44.50377 ]
 [44.49873 ]
 [44.505516]
 [44.51231 ]
 [44.515015]
 [44.508736]
 [44.500427]
 [44.492523]
 [44.49027 ]
 [44.48957 ]
 [44.49161 ]
 [44.488914]
 [44.482533]
 [44.461975]
 [44.429317]
 [44.38828 ]
 [44.360756]
 [44.341747]
 [44.321022]
 [44.28305 ]
 [44.234863]
 [44.19356 ]
 [44.15392 ]
 [44.12514 ]
 [44.11424 ]
 [44.127937]
 [44.15906 ]
 [44.207478]
 [44.264404]
 [44.315964]
 [44.350914]
 [44.371964]
 [44.385155]
 [44.39278 ]
 [44.398438]
 [44.39465 ]
 [44.379097]
 [44.352837]
 [44.326588]
 [44.31393 ]
 [44.32735 ]
 [44.357204]
 [44.39341 ]
 [44.42979 ]
 [44.46443 ]
 [44.48931 ]
 [44.50434 ]
 [44.518635]
 [44.532837]
 [44.550297]
 [44.571793]
 [44.597378]
 [44.621426]
 [44.637474]
 [44.645493]
 [44.645985]
 [44.646526]
 [44.65052 ]
 [44.658974]
 [44.666397]
 [44.667442]
 [44.66592 ]
 [44.685135]
 [44.710217]
 [44.730152]
 [44.742523]
 [44.754574]
 [44.767017]
 [44.77657 ]
 [44.783302]
 [44.78792 ]
 [44.794468]
 [44.80374 ]
 [44.817352]
 [44.83453 ]
 [44.85297 ]
 [44.869537]
 [44.884678]
 [44.88866 ]
 [44.890324]
 [44.892235]
 [44.896507]
 [44.90166 ]
 [44.90725 ]
 [44.912136]
 [44.917515]
 [44.925373]
 [44.934177]
 [44.940517]
 [44.944427]
 [44.941174]
 [44.93872 ]
 [44.937004]
 [44.938686]
 [44.942417]
 [44.947933]
 [44.956806]
 [44.968494]
 [44.97589 ]
 [44.981873]
 [44.985798]
 [44.98871 ]
 [44.989815]
 [44.990433]
 [44.99062 ]
 [44.99163 ]
 [44.994453]
 [44.99648 ]
 [44.99711 ]
 [44.995934]
 [44.99798 ]
 [45.000324]
 [45.00267 ]
 [45.00413 ]
 [45.00657 ]
 [45.008278]
 [45.00797 ]
 [45.00682 ]
 [45.003773]
 [44.99612 ]
 [44.99397 ]
 [44.99244 ]
 [44.99049 ]
 [44.98501 ]
 [44.977776]
 [44.980755]
 [44.986664]
 [44.991127]
 [44.992294]
 [44.989666]
 [44.985508]
 [44.983654]
 [44.98105 ]
 [44.975945]
 [44.972363]
 [44.96915 ]
 [44.969097]
 [44.96845 ]
 [44.96718 ]
 [44.965565]
 [44.962704]
 [44.958134]
 [44.951202]
 [44.944923]
 [44.948406]
 [44.952736]
 [44.95999 ]
 [44.963997]
 [44.966908]
 [44.968273]
 [44.971   ]
 [44.97157 ]
 [44.969704]
 [44.967102]
 [44.966206]
 [44.968155]
 [44.969776]
 [44.97365 ]
 [44.975002]
 [44.975075]
 [44.97389 ]
 [44.972553]
 [44.971542]
 [44.973213]
 [44.976357]
 [44.978855]
 [44.979256]
 [44.97833 ]
 [44.97606 ]
 [44.974567]
 [44.973194]
 [44.9734  ]
 [44.975338]
 [44.979168]
 [44.98361 ]
 [44.9881  ]
 [44.991135]
 [44.99464 ]
 [44.995754]
 [44.99491 ]
 [44.993862]
 [44.993416]
 [44.994236]
 [44.994728]
 [44.995613]
 [44.996597]
 [44.994686]
 [44.994064]
 [44.988834]
 [44.98406 ]
 [44.979652]
 [44.979465]
 [44.982903]
 [44.988716]
 [44.991894]
 [44.994694]
 [44.997   ]
 [44.999443]
 [45.000877]
 [45.001736]
 [45.002243]
 [45.003155]
 [45.005062]
 [45.006786]
 [45.007984]
 [45.00967 ]
 [45.012222]
 [45.0166  ]
 [45.018745]
 [45.02076 ]
 [45.021366]
 [45.02344 ]
 [45.02494 ]
 [45.025974]
 [45.026043]
 [45.025444]
 [45.02465 ]
 [45.024975]
 [45.025375]
 [45.02619 ]
 [45.02708 ]
 [45.026314]
 [45.025364]
 [45.025562]
 [45.02728 ]
 [45.029865]
 [45.032024]
 [45.03344 ]
 [45.034084]
 [45.03456 ]
 [45.03358 ]
 [45.032555]
 [45.02998 ]
 [45.027218]
 [45.026474]
 [45.025944]
 [45.024803]
 [45.023956]
 [45.024025]
 [45.02385 ]
 [45.021763]
 [45.018574]
 [45.015923]
 [45.014996]
 [45.013027]
 [45.011528]
 [45.010826]
 [45.012215]
 [45.012928]]
tanh:
[[48.459236]
 [25.622406]
 [17.379236]
 [34.260452]
 [28.838905]
 [33.115463]
 [35.140648]
 [33.240875]
 [36.74369 ]
 [36.75253 ]
 [36.914127]
 [37.096832]
 [36.15396 ]
 [36.751488]
 [37.25838 ]
 [36.73585 ]
 [36.73191 ]
 [36.536472]
 [36.421597]
 [36.728542]
 [36.86123 ]
 [36.907295]
 [37.24183 ]
 [37.49328 ]
 [37.705704]
 [37.815605]
 [37.191433]
 [37.21697 ]
 [37.71883 ]
 [37.687122]
 [37.507843]
 [37.38049 ]
 [37.451374]
 [37.6638  ]
 [37.611332]
 [37.538017]
 [37.355846]
 [37.38563 ]
 [37.327255]
 [36.846333]
 [36.90374 ]
 [37.213726]
 [37.070396]
 [36.668785]
 [36.690865]
 [36.847458]
 [36.682846]
 [36.879574]
 [36.935432]
 [37.344364]
 [37.32077 ]
 [37.11382 ]
 [37.324875]
 [37.095257]
 [36.68084 ]
 [36.825462]
 [36.714172]
 [36.434998]
 [36.530365]
 [36.515205]
 [36.31133 ]
 [36.400455]
 [36.02525 ]
 [35.613285]
 [36.155144]
 [35.917973]
 [36.079773]
 [36.476357]
 [36.145885]
 [36.746838]
 [36.562325]
 [36.62608 ]
 [37.05652 ]
 [37.26565 ]
 [37.57228 ]
 [37.6504  ]
 [37.67249 ]
 [37.76926 ]
 [37.80619 ]
 [38.119263]
 [38.052254]
 [38.20596 ]
 [38.692657]
 [39.31881 ]
 [39.189438]
 [38.907196]
 [39.36059 ]
 [39.480503]
 [39.702415]
 [39.34302 ]
 [39.143414]
 [39.5476  ]
 [39.64259 ]
 [39.29883 ]
 [39.295662]
 [39.01331 ]
 [38.26615 ]
 [38.23168 ]
 [38.74134 ]
 [38.62058 ]
 [38.715916]
 [38.946808]
 [38.81255 ]
 [39.01871 ]
 [38.634544]
 [38.161987]
 [38.37538 ]
 [38.276276]
 [38.50504 ]
 [38.59252 ]
 [38.224056]
 [39.19989 ]
 [39.202415]
 [39.08067 ]
 [39.249672]
 [38.633003]
 [38.45582 ]
 [39.066036]
 [39.232876]
 [38.85562 ]
 [38.83451 ]
 [38.753143]
 [39.307503]
 [39.281937]
 [39.470516]
 [39.515823]
 [39.92497 ]
 [40.37175 ]
 [39.573456]
 [39.467464]
 [39.78889 ]
 [39.80058 ]
 [39.852055]
 [39.58439 ]
 [39.369995]
 [38.812325]
 [38.902073]
 [38.62665 ]
 [38.674717]
 [38.904373]
 [38.778988]
 [39.306946]
 [39.854313]
 [39.740223]
 [39.947826]
 [40.365726]
 [40.16412 ]
 [39.75763 ]
 [39.47416 ]
 [39.74906 ]
 [39.502934]
 [39.814922]
 [39.869896]
 [39.710114]
 [39.851536]
 [39.580772]
 [39.656258]
 [39.62987 ]
 [39.67311 ]
 [39.688118]
 [39.694   ]
 [39.66635 ]
 [39.62142 ]
 [39.470787]
 [39.313923]
 [39.039192]
 [39.115147]
 [39.2326  ]
 [39.231403]
 [38.81436 ]
 [38.671295]
 [38.571423]
 [38.79796 ]
 [38.576   ]
 [38.52757 ]
 [38.845882]
 [38.8353  ]
 [39.018024]
 [39.203163]
 [39.405052]
 [39.306656]
 [39.246334]
 [39.326412]
 [39.42421 ]
 [39.36124 ]
 [39.38263 ]
 [39.24524 ]
 [39.021526]
 [39.03933 ]
 [39.030476]
 [39.232178]
 [39.49769 ]
 [39.550125]
 [39.52352 ]
 [39.73388 ]
 [39.81988 ]
 [39.759037]
 [39.70522 ]
 [39.96717 ]
 [39.99819 ]
 [40.040184]
 [40.310585]
 [40.38176 ]
 [40.429893]
 [40.3003  ]
 [40.298553]
 [40.29527 ]
 [40.347008]
 [40.53805 ]
 [40.529423]
 [40.49205 ]
 [40.296593]
 [40.381348]
 [41.201836]
 [41.209267]
 [40.582073]
 [41.018898]
 [41.16417 ]
 [41.309875]
 [41.213516]
 [41.192837]
 [41.2817  ]
 [41.390247]
 [41.62171 ]
 [41.79244 ]
 [42.037422]
 [42.146885]
 [42.236824]
 [42.436584]
 [41.940174]
 [41.92308 ]
 [42.562164]
 [42.265606]
 [42.515343]
 [42.51639 ]
 [42.49675 ]
 [42.6693  ]
 [42.964756]
 [43.076977]
 [42.867065]
 [42.860847]
 [42.505104]
 [42.622673]
 [43.042374]
 [42.7879  ]
 [43.135212]
 [43.117638]
 [43.528538]
 [43.94808 ]
 [43.416416]
 [43.524006]
 [43.94091 ]
 [43.6075  ]
 [43.754284]
 [43.70305 ]
 [43.729862]
 [43.81975 ]
 [44.07073 ]
 [43.912247]
 [43.695633]
 [43.734184]
 [44.125385]
 [44.228672]
 [43.87673 ]
 [44.143467]
 [44.2283  ]
 [44.225994]
 [43.900158]
 [43.999577]
 [43.82388 ]
 [43.097794]
 [43.908108]
 [44.03894 ]
 [43.083508]
 [43.35072 ]
 [42.95969 ]
 [44.11997 ]
 [44.274433]
 [43.252922]
 [43.727238]
 [43.345222]
 [43.306606]
 [43.817154]
 [43.395042]
 [42.886982]
 [43.314274]
 [43.299988]
 [43.326927]
 [43.387936]
 [42.953068]
 [43.22425 ]
 [43.043972]
 [42.847767]
 [42.742985]
 [42.66518 ]
 [43.48318 ]
 [43.303116]
 [43.11562 ]
 [43.475513]
 [42.998493]
 [43.443443]
 [43.49202 ]
 [43.336235]
 [42.99243 ]
 [43.16985 ]
 [43.34107 ]
 [43.521248]
 [43.372707]
 [43.507168]
 [43.455948]
 [43.114414]
 [43.478996]
 [43.27784 ]
 [43.317924]
 [43.57881 ]
 [43.66587 ]
 [43.485466]
 [43.382088]
 [43.364353]
 [43.315712]
 [43.374393]
 [43.410545]
 [43.390514]
 [43.624855]
 [43.70074 ]
 [43.808826]
 [43.84938 ]
 [43.791325]
 [43.965664]
 [43.84878 ]
 [43.513893]
 [43.85487 ]
 [43.822624]
 [43.867714]
 [43.86037 ]
 [43.81087 ]
 [43.9764  ]
 [43.50535 ]
 [43.73196 ]
 [43.42271 ]
 [43.01123 ]
 [43.680702]
 [43.514637]
 [43.98614 ]
 [44.006187]
 [43.66536 ]
 [43.804443]
 [44.123154]
 [43.96715 ]
 [44.02026 ]
 [43.937443]
 [44.007683]
 [44.086834]
 [44.236656]
 [44.188335]
 [44.08679 ]
 [44.308952]
 [44.471058]
 [44.721096]
 [44.40227 ]
 [44.34493 ]
 [44.64312 ]
 [44.617996]
 [44.81843 ]
 [44.481697]
 [44.608055]
 [44.499233]
 [44.52228 ]
 [44.747307]
 [44.660004]
 [44.60854 ]
 [44.773026]
 [44.41384 ]
 [44.464542]
 [44.845303]
 [44.853893]
 [44.965843]
 [44.907986]
 [44.848824]
 [44.893986]
 [44.915085]
 [44.70375 ]
 [44.675003]
 [44.56849 ]
 [44.31387 ]
 [44.86465 ]
 [44.63304 ]
 [44.27774 ]
 [44.597027]
 [44.652336]
 [44.504124]
 [44.19174 ]
 [44.102207]
 [44.294704]
 [44.38241 ]
 [44.08059 ]
 [44.036133]
 [44.34216 ]
 [44.36071 ]
 [44.2914  ]]
relu:
[[47.458633]
 [47.41013 ]
 [47.253777]
 [47.29129 ]
 [47.027367]
 [47.24319 ]
 [46.822647]
 [46.71406 ]
 [46.68059 ]
 [46.462063]
 [45.735424]
 [45.10991 ]
 [44.660572]
 [43.823177]
 [43.03095 ]
 [41.80313 ]
 [41.368103]
 [40.788036]
 [40.24112 ]
 [39.508324]
 [39.059196]
 [39.02689 ]
 [38.992146]
 [39.14939 ]
 [39.24531 ]
 [39.45011 ]
 [39.58803 ]
 [39.692154]
 [39.761322]
 [39.779507]
 [39.83967 ]
 [39.847054]
 [39.88337 ]
 [39.882153]
 [39.915146]
 [39.90652 ]
 [39.916096]
 [39.873695]
 [39.80098 ]
 [39.594467]
 [39.438847]
 [39.318737]
 [39.204918]
 [39.01886 ]
 [38.885044]
 [38.73862 ]
 [38.63335 ]
 [38.545296]
 [38.535007]
 [38.669586]
 [38.827938]
 [38.94003 ]
 [39.089664]
 [39.119396]
 [39.055283]
 [38.95538 ]
 [38.790474]
 [38.559376]
 [38.39273 ]
 [38.18613 ]
 [37.989822]
 [37.85352 ]
 [37.56661 ]
 [37.231388]
 [37.06418 ]
 [36.769833]
 [36.72989 ]
 [36.751774]
 [36.81525 ]
 [37.068466]
 [37.29094 ]
 [37.472492]
 [37.80246 ]
 [38.14957 ]
 [38.559566]
 [38.94505 ]
 [39.295177]
 [39.576824]
 [39.85673 ]
 [40.097195]
 [40.30283 ]
 [40.513275]
 [40.805912]
 [41.20525 ]
 [41.539505]
 [41.84132 ]
 [42.141808]
 [42.420708]
 [42.667667]
 [42.82428 ]
 [42.919353]
 [43.02546 ]
 [43.108994]
 [43.14902 ]
 [43.167347]
 [43.126297]
 [42.982533]
 [42.793213]
 [42.60374 ]
 [42.42475 ]
 [42.323586]
 [42.2658  ]
 [42.253456]
 [42.295307]
 [42.2807  ]
 [42.192215]
 [42.10172 ]
 [41.96334 ]
 [41.893143]
 [41.80527 ]
 [41.761765]
 [41.864433]
 [41.996464]
 [42.159966]
 [42.31767 ]
 [42.37873 ]
 [42.378307]
 [42.415245]
 [42.42222 ]
 [42.45727 ]
 [42.45126 ]
 [42.45348 ]
 [42.499035]
 [42.58063 ]
 [42.67839 ]
 [42.79543 ]
 [43.005516]
 [43.241703]
 [43.376747]
 [43.486923]
 [43.549503]
 [43.61282 ]
 [43.645496]
 [43.659866]
 [43.606647]
 [43.523273]
 [43.383747]
 [43.18442 ]
 [42.988445]
 [42.81867 ]
 [42.67614 ]
 [42.649364]
 [42.745525]
 [42.882477]
 [43.097275]
 [43.344727]
 [43.55106 ]
 [43.677593]
 [43.746395]
 [43.75595 ]
 [43.73575 ]
 [43.73188 ]
 [43.70585 ]
 [43.71233 ]
 [43.721107]
 [43.717457]
 [43.696926]
 [43.681656]
 [43.65605 ]
 [43.643963]
 [43.630863]
 [43.62661 ]
 [43.607647]
 [43.589584]
 [43.526657]
 [43.44009 ]
 [43.327477]
 [43.24351 ]
 [43.14877 ]
 [43.047043]
 [42.90394 ]
 [42.758587]
 [42.62695 ]
 [42.481106]
 [42.352165]
 [42.268253]
 [42.237656]
 [42.258163]
 [42.337315]
 [42.46071 ]
 [42.587273]
 [42.70064 ]
 [42.79849 ]
 [42.88425 ]
 [42.95207 ]
 [43.009033]
 [43.027058]
 [43.018322]
 [42.976944]
 [42.925568]
 [42.894924]
 [42.91788 ]
 [42.964516]
 [43.04349 ]
 [43.14541 ]
 [43.261818]
 [43.361652]
 [43.448563]
 [43.537827]
 [43.622246]
 [43.71762 ]
 [43.820362]
 [43.933773]
 [44.05055 ]
 [44.145824]
 [44.219917]
 [44.27088 ]
 [44.31912 ]
 [44.362835]
 [44.410538]
 [44.45136 ]
 [44.473785]
 [44.4927  ]
 [44.5814  ]
 [44.664864]
 [44.745308]
 [44.823685]
 [44.90343 ]
 [44.990063]
 [45.0657  ]
 [45.12042 ]
 [45.17101 ]
 [45.23429 ]
 [45.295258]
 [45.365356]
 [45.45618 ]
 [45.556587]
 [45.655685]
 [45.759613]
 [45.82182 ]
 [45.87813 ]
 [45.930595]
 [45.974487]
 [46.019176]
 [46.059162]
 [46.09643 ]
 [46.136368]
 [46.191048]
 [46.23806 ]
 [46.28206 ]
 [46.32438 ]
 [46.339844]
 [46.353256]
 [46.36951 ]
 [46.376953]
 [46.394974]
 [46.41492 ]
 [46.45507 ]
 [46.503113]
 [46.549316]
 [46.5904  ]
 [46.634712]
 [46.66391 ]
 [46.699863]
 [46.715252]
 [46.73613 ]
 [46.747086]
 [46.774742]
 [46.78036 ]
 [46.794872]
 [46.80028 ]
 [46.81488 ]
 [46.82488 ]
 [46.83937 ]
 [46.850346]
 [46.859234]
 [46.875835]
 [46.883465]
 [46.887337]
 [46.882893]
 [46.8703  ]
 [46.868057]
 [46.859127]
 [46.838085]
 [46.82804 ]
 [46.782898]
 [46.793514]
 [46.79912 ]
 [46.79044 ]
 [46.779617]
 [46.77357 ]
 [46.77251 ]
 [46.77588 ]
 [46.751705]
 [46.731133]
 [46.72454 ]
 [46.70476 ]
 [46.690598]
 [46.681953]
 [46.655216]
 [46.64707 ]
 [46.630432]
 [46.6109  ]
 [46.577805]
 [46.5543  ]
 [46.550346]
 [46.544163]
 [46.54621 ]
 [46.55635 ]
 [46.557064]
 [46.586113]
 [46.595573]
 [46.60655 ]
 [46.60242 ]
 [46.613735]
 [46.606026]
 [46.618664]
 [46.618942]
 [46.633617]
 [46.63615 ]
 [46.646103]
 [46.650196]
 [46.646816]
 [46.64855 ]
 [46.654827]
 [46.662384]
 [46.66853 ]
 [46.677032]
 [46.67852 ]
 [46.675938]
 [46.67629 ]
 [46.67268 ]
 [46.667683]
 [46.674454]
 [46.682266]
 [46.695892]
 [46.71311 ]
 [46.733124]
 [46.75163 ]
 [46.769382]
 [46.775543]
 [46.787914]
 [46.789795]
 [46.80078 ]
 [46.80284 ]
 [46.809196]
 [46.81231 ]
 [46.814003]
 [46.81304 ]
 [46.802177]
 [46.783943]
 [46.781864]
 [46.761097]
 [46.770885]
 [46.76894 ]
 [46.774204]
 [46.774323]
 [46.799854]
 [46.8022  ]
 [46.825397]
 [46.825195]
 [46.842487]
 [46.845547]
 [46.868416]
 [46.868954]
 [46.883274]
 [46.891697]
 [46.91098 ]
 [46.92356 ]
 [46.944954]
 [46.951828]
 [46.973003]
 [46.97884 ]
 [47.0058  ]
 [47.001953]
 [47.022743]
 [47.016315]
 [47.035168]
 [47.02855 ]
 [47.043617]
 [47.035122]
 [47.05418 ]
 [47.03969 ]
 [47.05249 ]
 [47.045254]
 [47.06021 ]
 [47.056667]
 [47.07369 ]
 [47.068104]
 [47.08522 ]
 [47.086227]
 [47.095364]
 [47.086575]
 [47.09539 ]
 [47.080433]
 [47.089134]
 [47.07573 ]
 [47.075382]
 [47.064255]
 [47.065704]
 [47.055325]
 [47.05467 ]
 [47.032238]
 [47.02844 ]
 [47.019875]
 [47.01393 ]
 [46.990017]
 [46.989002]
 [46.981537]
 [46.984882]]
real:
[[43.445]
 [43.778]
 [44.569]
 [45.236]
 [44.503]
 [44.913]
 [44.363]
 [44.962]
 [44.126]
 [43.096]
 [43.725]
 [43.293]
 [43.538]
 [42.842]
 [42.349]
 [42.882]
 [42.855]
 [42.724]
 [41.758]
 [42.677]
 [44.019]
 [45.381]
 [44.887]
 [45.281]
 [45.114]
 [44.336]
 [44.44 ]
 [44.785]
 [44.555]
 [44.603]
 [44.609]
 [44.802]
 [44.55 ]
 [44.67 ]
 [44.713]
 [44.369]
 [44.282]
 [43.438]
 [42.516]
 [43.093]
 [43.801]
 [43.51 ]
 [42.266]
 [42.961]
 [42.682]
 [43.001]
 [42.875]
 [43.708]
 [44.708]
 [44.379]
 [43.947]
 [44.27 ]
 [43.303]
 [42.516]
 [42.68 ]
 [42.337]
 [41.901]
 [42.266]
 [42.182]
 [41.849]
 [42.143]
 [40.634]
 [40.536]
 [41.621]
 [40.844]
 [42.453]
 [41.956]
 [42.72 ]
 [43.052]
 [42.827]
 [43.021]
 [43.922]
 [44.692]
 [45.437]
 [45.273]
 [45.651]
 [45.271]
 [45.889]
 [46.218]
 [46.229]
 [46.798]
 [48.397]
 [50.72 ]
 [49.563]
 [49.729]
 [49.967]
 [51.224]
 [51.266]
 [50.152]
 [49.627]
 [50.968]
 [50.947]
 [50.083]
 [49.845]
 [48.651]
 [46.28 ]
 [46.33 ]
 [47.512]
 [47.452]
 [48.459]
 [48.62 ]
 [48.854]
 [48.967]
 [47.472]
 [46.323]
 [46.697]
 [46.141]
 [47.826]
 [46.743]
 [47.534]
 [49.709]
 [49.72 ]
 [50.07 ]
 [49.42 ]
 [48.017]
 [47.01 ]
 [49.356]
 [48.973]
 [49.191]
 [47.831]
 [48.938]
 [49.563]
 [50.145]
 [50.714]
 [50.828]
 [53.191]
 [53.75 ]
 [51.353]
 [51.257]
 [51.237]
 [52.373]
 [51.284]
 [51.478]
 [49.576]
 [48.709]
 [48.011]
 [47.108]
 [47.774]
 [48.121]
 [48.559]
 [50.274]
 [52.174]
 [51.87 ]
 [53.402]
 [53.968]
 [53.988]
 [51.411]
 [51.224]
 [51.008]
 [50.723]
 [51.873]
 [51.478]
 [52.229]
 [51.608]
 [51.494]
 [50.905]
 [51.245]
 [51.131]
 [51.528]
 [51.214]
 [51.508]
 [50.842]
 [50.856]
 [49.529]
 [49.187]
 [48.768]
 [49.873]
 [49.167]
 [48.524]
 [47.413]
 [47.547]
 [47.985]
 [47.151]
 [47.685]
 [48.101]
 [48.793]
 [48.977]
 [49.973]
 [50.39 ]
 [50.27 ]
 [49.905]
 [50.133]
 [50.291]
 [50.158]
 [50.309]
 [49.522]
 [49.09 ]
 [48.712]
 [48.98 ]
 [49.624]
 [50.778]
 [50.842]
 [51.184]
 [51.63 ]
 [52.108]
 [51.64 ]
 [51.671]
 [52.488]
 [52.516]
 [53.14 ]
 [53.757]
 [54.491]
 [54.541]
 [54.124]
 [54.08 ]
 [53.749]
 [54.323]
 [54.676]
 [55.09 ]
 [54.744]
 [54.122]
 [54.441]
 [58.195]
 [57.43 ]
 [56.889]
 [57.079]
 [58.365]
 [58.705]
 [58.383]
 [58.563]
 [58.701]
 [59.583]
 [60.252]
 [61.564]
 [62.881]
 [63.997]
 [64.608]
 [65.855]
 [62.943]
 [64.429]
 [64.935]
 [65.706]
 [65.963]
 [66.529]
 [66.733]
 [67.61 ]
 [69.318]
 [70.179]
 [69.723]
 [69.852]
 [67.1  ]
 [68.708]
 [68.507]
 [69.72 ]
 [70.306]
 [71.4  ]
 [74.022]
 [76.792]
 [74.876]
 [76.627]
 [76.765]
 [77.187]
 [76.553]
 [76.898]
 [76.81 ]
 [77.628]
 [79.191]
 [78.476]
 [77.961]
 [77.066]
 [80.333]
 [79.957]
 [80.292]
 [80.185]
 [81.952]
 [81.473]
 [80.038]
 [79.926]
 [78.125]
 [74.139]
 [78.593]
 [76.865]
 [75.734]
 [73.071]
 [72.051]
 [78.841]
 [78.666]
 [77.487]
 [76.555]
 [74.904]
 [74.306]
 [75.622]
 [73.901]
 [71.907]
 [72.942]
 [72.187]
 [73.582]
 [72.355]
 [72.045]
 [71.901]
 [70.952]
 [69.835]
 [68.381]
 [68.449]
 [72.939]
 [71.396]
 [73.748]
 [72.305]
 [73.11 ]
 [72.892]
 [74.371]
 [72.887]
 [71.907]
 [71.879]
 [72.71 ]
 [73.929]
 [73.203]
 [75.263]
 [73.567]
 [73.574]
 [73.155]
 [73.123]
 [73.117]
 [74.712]
 [75.326]
 [74.973]
 [74.153]
 [73.93 ]
 [73.168]
 [73.636]
 [73.21 ]
 [74.019]
 [74.883]
 [76.182]
 [76.909]
 [77.747]
 [77.516]
 [79.136]
 [77.62 ]
 [76.868]
 [77.214]
 [77.493]
 [78.22 ]
 [77.681]
 [78.281]
 [78.507]
 [76.12 ]
 [77.783]
 [73.567]
 [74.244]
 [73.637]
 [75.677]
 [77.252]
 [78.876]
 [77.198]
 [78.583]
 [79.052]
 [79.753]
 [79.318]
 [79.463]
 [79.574]
 [80.177]
 [81.266]
 [81.193]
 [81.182]
 [82.313]
 [83.596]
 [86.276]
 [84.165]
 [85.668]
 [84.822]
 [87.452]
 [86.81 ]
 [86.847]
 [86.253]
 [85.816]
 [85.624]
 [86.889]
 [86.577]
 [87.204]
 [87.513]
 [85.541]
 [85.765]
 [87.12 ]
 [88.738]
 [89.944]
 [90.012]
 [90.063]
 [89.921]
 [90.336]
 [88.338]
 [88.518]
 [86.007]
 [85.436]
 [87.294]
 [86.318]
 [85.117]
 [85.51 ]
 [86.33 ]
 [85.554]
 [83.197]
 [82.139]
 [82.28 ]
 [83.144]
 [80.969]
 [81.328]
 [81.717]
 [83.452]
 [82.258]
 [81.161]]


