real:
[[43.445]
 [43.778]
 [44.569]
 [45.236]
 [44.503]
 [44.913]
 [44.363]
 [44.962]
 [44.126]
 [43.096]
 [43.725]
 [43.293]
 [43.538]
 [42.842]
 [42.349]
 [42.882]
 [42.855]
 [42.724]
 [41.758]
 [42.677]
 [44.019]
 [45.381]
 [44.887]
 [45.281]
 [45.114]
 [44.336]
 [44.44 ]
 [44.785]
 [44.555]
 [44.603]
 [44.609]
 [44.802]
 [44.55 ]
 [44.67 ]
 [44.713]
 [44.369]
 [44.282]
 [43.438]
 [42.516]
 [43.093]
 [43.801]
 [43.51 ]
 [42.266]
 [42.961]
 [42.682]
 [43.001]
 [42.875]
 [43.708]
 [44.708]
 [44.379]
 [43.947]
 [44.27 ]
 [43.303]
 [42.516]
 [42.68 ]
 [42.337]
 [41.901]
 [42.266]
 [42.182]
 [41.849]
 [42.143]
 [40.634]
 [40.536]
 [41.621]
 [40.844]
 [42.453]
 [41.956]
 [42.72 ]
 [43.052]
 [42.827]
 [43.021]
 [43.922]
 [44.692]
 [45.437]
 [45.273]
 [45.651]
 [45.271]
 [45.889]
 [46.218]
 [46.229]
 [46.798]
 [48.397]
 [50.72 ]
 [49.563]
 [49.729]
 [49.967]
 [51.224]
 [51.266]
 [50.152]
 [49.627]
 [50.968]
 [50.947]
 [50.083]
 [49.845]
 [48.651]
 [46.28 ]
 [46.33 ]
 [47.512]
 [47.452]
 [48.459]
 [48.62 ]
 [48.854]
 [48.967]
 [47.472]
 [46.323]
 [46.697]
 [46.141]
 [47.826]
 [46.743]
 [47.534]
 [49.709]
 [49.72 ]
 [50.07 ]
 [49.42 ]
 [48.017]
 [47.01 ]
 [49.356]
 [48.973]
 [49.191]
 [47.831]
 [48.938]
 [49.563]
 [50.145]
 [50.714]
 [50.828]
 [53.191]
 [53.75 ]
 [51.353]
 [51.257]
 [51.237]
 [52.373]
 [51.284]
 [51.478]
 [49.576]
 [48.709]
 [48.011]
 [47.108]
 [47.774]
 [48.121]
 [48.559]
 [50.274]
 [52.174]
 [51.87 ]
 [53.402]
 [53.968]
 [53.988]
 [51.411]
 [51.224]
 [51.008]
 [50.723]
 [51.873]
 [51.478]
 [52.229]
 [51.608]
 [51.494]
 [50.905]
 [51.245]
 [51.131]
 [51.528]
 [51.214]
 [51.508]
 [50.842]
 [50.856]
 [49.529]
 [49.187]
 [48.768]
 [49.873]
 [49.167]
 [48.524]
 [47.413]
 [47.547]
 [47.985]
 [47.151]
 [47.685]
 [48.101]
 [48.793]
 [48.977]
 [49.973]
 [50.39 ]
 [50.27 ]
 [49.905]
 [50.133]
 [50.291]
 [50.158]
 [50.309]
 [49.522]
 [49.09 ]
 [48.712]
 [48.98 ]
 [49.624]
 [50.778]
 [50.842]
 [51.184]
 [51.63 ]
 [52.108]
 [51.64 ]
 [51.671]
 [52.488]
 [52.516]
 [53.14 ]
 [53.757]
 [54.491]
 [54.541]
 [54.124]
 [54.08 ]
 [53.749]
 [54.323]
 [54.676]
 [55.09 ]
 [54.744]
 [54.122]
 [54.441]
 [58.195]
 [57.43 ]
 [56.889]
 [57.079]
 [58.365]
 [58.705]
 [58.383]
 [58.563]
 [58.701]
 [59.583]
 [60.252]
 [61.564]
 [62.881]
 [63.997]
 [64.608]
 [65.855]
 [62.943]
 [64.429]
 [64.935]
 [65.706]
 [65.963]
 [66.529]
 [66.733]
 [67.61 ]
 [69.318]
 [70.179]
 [69.723]
 [69.852]
 [67.1  ]
 [68.708]
 [68.507]
 [69.72 ]
 [70.306]
 [71.4  ]
 [74.022]
 [76.792]
 [74.876]
 [76.627]
 [76.765]
 [77.187]
 [76.553]
 [76.898]
 [76.81 ]
 [77.628]
 [79.191]
 [78.476]
 [77.961]
 [77.066]
 [80.333]
 [79.957]
 [80.292]
 [80.185]
 [81.952]
 [81.473]
 [80.038]
 [79.926]
 [78.125]
 [74.139]
 [78.593]
 [76.865]
 [75.734]
 [73.071]
 [72.051]
 [78.841]
 [78.666]
 [77.487]
 [76.555]
 [74.904]
 [74.306]
 [75.622]
 [73.901]
 [71.907]
 [72.942]
 [72.187]
 [73.582]
 [72.355]
 [72.045]
 [71.901]
 [70.952]
 [69.835]
 [68.381]
 [68.449]
 [72.939]
 [71.396]
 [73.748]
 [72.305]
 [73.11 ]
 [72.892]
 [74.371]
 [72.887]
 [71.907]
 [71.879]
 [72.71 ]
 [73.929]
 [73.203]
 [75.263]
 [73.567]
 [73.574]
 [73.155]
 [73.123]
 [73.117]
 [74.712]
 [75.326]
 [74.973]
 [74.153]
 [73.93 ]
 [73.168]
 [73.636]
 [73.21 ]
 [74.019]
 [74.883]
 [76.182]
 [76.909]
 [77.747]
 [77.516]
 [79.136]
 [77.62 ]
 [76.868]
 [77.214]
 [77.493]
 [78.22 ]
 [77.681]
 [78.281]
 [78.507]
 [76.12 ]
 [77.783]
 [73.567]
 [74.244]
 [73.637]
 [75.677]
 [77.252]
 [78.876]
 [77.198]
 [78.583]
 [79.052]
 [79.753]
 [79.318]
 [79.463]
 [79.574]
 [80.177]
 [81.266]
 [81.193]
 [81.182]
 [82.313]
 [83.596]
 [86.276]
 [84.165]
 [85.668]
 [84.822]
 [87.452]
 [86.81 ]
 [86.847]
 [86.253]
 [85.816]
 [85.624]
 [86.889]
 [86.577]
 [87.204]
 [87.513]
 [85.541]
 [85.765]
 [87.12 ]
 [88.738]
 [89.944]
 [90.012]
 [90.063]
 [89.921]
 [90.336]
 [88.338]
 [88.518]
 [86.007]
 [85.436]
 [87.294]
 [86.318]
 [85.117]
 [85.51 ]
 [86.33 ]
 [85.554]
 [83.197]
 [82.139]
 [82.28 ]
 [83.144]
 [80.969]
 [81.328]
 [81.717]
 [83.452]
 [82.258]
 [81.161]]
tanh:
[[48.69077 ]
 [20.167036]
 [29.54762 ]
 [28.062855]
 [33.295464]
 [34.13964 ]
 [37.305256]
 [39.477825]
 [37.321236]
 [38.864227]
 [36.784508]
 [39.306427]
 [38.972427]
 [40.339127]
 [39.41699 ]
 [37.148483]
 [37.92673 ]
 [38.33563 ]
 [39.68946 ]
 [38.00812 ]
 [38.781155]
 [39.548508]
 [39.82528 ]
 [39.823357]
 [39.336594]
 [40.02286 ]
 [39.456573]
 [39.711567]
 [39.60269 ]
 [39.525932]
 [39.85607 ]
 [39.493324]
 [39.84425 ]
 [39.520874]
 [39.766087]
 [39.70358 ]
 [39.549282]
 [39.659565]
 [39.150383]
 [38.929955]
 [39.066017]
 [39.358677]
 [39.24872 ]
 [38.769604]
 [39.089836]
 [38.923553]
 [39.048077]
 [38.948456]
 [39.393505]
 [39.78304 ]
 [39.559555]
 [39.40865 ]
 [39.47443 ]
 [39.113625]
 [38.81053 ]
 [38.938118]
 [38.831776]
 [38.648087]
 [38.789875]
 [38.76943 ]
 [38.6344  ]
 [38.703266]
 [38.089966]
 [38.10804 ]
 [38.475487]
 [38.164177]
 [38.862286]
 [38.60095 ]
 [39.053787]
 [39.04629 ]
 [38.986115]
 [39.08355 ]
 [39.40179 ]
 [39.777817]
 [39.959267]
 [39.904755]
 [39.992126]
 [39.813057]
 [40.066525]
 [40.144333]
 [40.18447 ]
 [40.388603]
 [40.946182]
 [41.627407]
 [40.893482]
 [41.056927]
 [41.097065]
 [41.62575 ]
 [41.43857 ]
 [41.025234]
 [41.01336 ]
 [41.50664 ]
 [41.418907]
 [41.00651 ]
 [41.042793]
 [40.65024 ]
 [39.88538 ]
 [40.01368 ]
 [40.49635 ]
 [40.501564]
 [40.883556]
 [40.903057]
 [40.96633 ]
 [40.832233]
 [40.22502 ]
 [39.990917]
 [40.255474]
 [40.07959 ]
 [40.7553  ]
 [40.187008]
 [40.61995 ]
 [41.259686]
 [41.103165]
 [41.23502 ]
 [40.843056]
 [40.528008]
 [40.16034 ]
 [41.111855]
 [40.815884]
 [41.001137]
 [40.44505 ]
 [41.009853]
 [41.124794]
 [41.16323 ]
 [41.411144]
 [41.397507]
 [42.2861  ]
 [42.02675 ]
 [41.11342 ]
 [41.237732]
 [41.329502]
 [41.905293]
 [41.268654]
 [41.54792 ]
 [40.7771  ]
 [40.67281 ]
 [40.44284 ]
 [40.16743 ]
 [40.629383]
 [40.67609 ]
 [41.02715 ]
 [41.431618]
 [41.90278 ]
 [41.52133 ]
 [42.06666 ]
 [42.134655]
 [42.055294]
 [41.079086]
 [41.244606]
 [41.336197]
 [41.27245 ]
 [41.719116]
 [41.456696]
 [41.858116]
 [41.405193]
 [41.45799 ]
 [41.235153]
 [41.43481 ]
 [41.441906]
 [41.58906 ]
 [41.478085]
 [41.50689 ]
 [41.264587]
 [41.310844]
 [40.861404]
 [40.880272]
 [40.77768 ]
 [41.261494]
 [40.893806]
 [40.715214]
 [40.323696]
 [40.471638]
 [40.661793]
 [40.28311 ]
 [40.644703]
 [40.72495 ]
 [41.02604 ]
 [40.902737]
 [41.240154]
 [41.321117]
 [41.219612]
 [41.126682]
 [41.181942]
 [41.265713]
 [41.149136]
 [41.272568]
 [40.970116]
 [40.87302 ]
 [40.742134]
 [40.90069 ]
 [41.156353]
 [41.493828]
 [41.43403 ]
 [41.504955]
 [41.591106]
 [41.684124]
 [41.46209 ]
 [41.53139 ]
 [41.84809 ]
 [41.780457]
 [41.96362 ]
 [42.0536  ]
 [42.268555]
 [42.153816]
 [41.985886]
 [42.0334  ]
 [41.918858]
 [42.17838 ]
 [42.213554]
 [42.35626 ]
 [42.136997]
 [41.94603 ]
 [42.138226]
 [43.251675]
 [42.52528 ]
 [42.476982]
 [42.561768]
 [43.037025]
 [42.953777]
 [42.691845]
 [42.91515 ]
 [42.939186]
 [43.226532]
 [43.191273]
 [43.529705]
 [43.70357 ]
 [43.853806]
 [43.890724]
 [44.08075 ]
 [42.96937 ]
 [43.863625]
 [43.846916]
 [44.10519 ]
 [43.943165]
 [44.049767]
 [44.1426  ]
 [44.248566]
 [44.595196]
 [44.50038 ]
 [44.349934]
 [44.41165 ]
 [43.62916 ]
 [44.514275]
 [44.117466]
 [44.651997]
 [44.50882 ]
 [44.759483]
 [45.254974]
 [45.38708 ]
 [44.55291 ]
 [45.298435]
 [45.11728 ]
 [45.283386]
 [44.98665 ]
 [45.16575 ]
 [45.172382]
 [45.34591 ]
 [45.554195]
 [45.093956]
 [45.1931  ]
 [44.98849 ]
 [45.970306]
 [45.22443 ]
 [45.486553]
 [45.349037]
 [45.879673]
 [45.481014]
 [45.13564 ]
 [45.451622]
 [44.963875]
 [44.383034]
 [45.83721 ]
 [44.65526 ]
 [44.959568]
 [44.191097]
 [44.603134]
 [46.20387 ]
 [44.807262]
 [45.046127]
 [44.80136 ]
 [44.84654 ]
 [44.84823 ]
 [45.12699 ]
 [44.57125 ]
 [44.357914]
 [45.00991 ]
 [44.514122]
 [45.09158 ]
 [44.276676]
 [44.676094]
 [44.716835]
 [44.419292]
 [44.277653]
 [43.90764 ]
 [44.385494]
 [45.34831 ]
 [44.23472 ]
 [45.14414 ]
 [44.240025]
 [45.012943]
 [44.653385]
 [45.10708 ]
 [44.50035 ]
 [44.48674 ]
 [44.745213]
 [44.83184 ]
 [45.11424 ]
 [44.48954 ]
 [45.352177]
 [44.470337]
 [44.896088]
 [44.658596]
 [44.764866]
 [44.86191 ]
 [45.110527]
 [45.15208 ]
 [44.835133]
 [44.76413 ]
 [44.808537]
 [44.72072 ]
 [44.93382 ]
 [44.688587]
 [45.06633 ]
 [45.055428]
 [45.274624]
 [45.20431 ]
 [45.295444]
 [45.15781 ]
 [45.58217 ]
 [44.956417]
 [45.057907]
 [45.237274]
 [45.258682]
 [45.418972]
 [45.061024]
 [45.40901 ]
 [45.30714 ]
 [44.709255]
 [45.490692]
 [43.989243]
 [45.09192 ]
 [44.629505]
 [45.43631 ]
 [45.3362  ]
 [45.430576]
 [44.911495]
 [45.451855]
 [45.437782]
 [45.44583 ]
 [45.32275 ]
 [45.362743]
 [45.49155 ]
 [45.53174 ]
 [45.651558]
 [45.464977]
 [45.531567]
 [45.795216]
 [45.879436]
 [46.245266]
 [45.249466]
 [46.140633]
 [45.61441 ]
 [46.445156]
 [45.71063 ]
 [45.96094 ]
 [45.88091 ]
 [45.845627]
 [45.96096 ]
 [46.05944 ]
 [45.91649 ]
 [46.060085]
 [46.064484]
 [45.579155]
 [45.979355]
 [46.132977]
 [46.29796 ]
 [46.280346]
 [46.079548]
 [46.221653]
 [46.15528 ]
 [46.289562]
 [45.763237]
 [46.197224]
 [45.538246]
 [45.929527]
 [46.266262]
 [45.675995]
 [45.74289 ]
 [45.87858 ]
 [46.117863]
 [45.742878]
 [45.327156]
 [45.519615]
 [45.731926]
 [45.873604]
 [45.085625]
 [45.65412 ]
 [45.60217 ]
 [46.0137  ]
 [45.358257]]
relu:
[[43.66015 ]
 [49.322784]
 [53.0461  ]
 [47.265842]
 [42.35702 ]
 [41.258747]
 [41.032265]
 [41.05874 ]
 [40.514744]
 [39.599308]
 [39.206295]
 [39.60438 ]
 [39.457573]
 [38.896065]
 [38.792408]
 [38.89743 ]
 [38.668144]
 [38.41623 ]
 [38.465397]
 [38.444782]
 [38.310806]
 [38.47226 ]
 [39.212044]
 [39.932056]
 [40.399414]
 [40.403545]
 [40.182457]
 [39.98819 ]
 [39.937634]
 [39.900124]
 [39.886604]
 [39.937634]
 [40.011078]
 [39.97282 ]
 [39.960903]
 [39.982372]
 [39.943394]
 [39.84456 ]
 [39.62894 ]
 [39.216125]
 [38.828403]
 [38.799107]
 [38.98955 ]
 [38.958744]
 [38.810802]
 [38.578533]
 [38.543026]
 [38.582222]
 [38.85412 ]
 [39.25227 ]
 [39.597332]
 [39.796444]
 [39.818398]
 [39.533432]
 [39.08934 ]
 [38.707577]
 [38.43018 ]
 [38.153885]
 [37.98249 ]
 [37.977627]
 [37.97799 ]
 [37.928947]
 [37.637905]
 [37.179108]
 [36.886494]
 [36.847622]
 [37.243385]
 [37.61153 ]
 [38.093636]
 [38.398655]
 [38.64516 ]
 [38.764595]
 [38.93708 ]
 [39.318134]
 [39.844368]
 [40.265945]
 [40.538456]
 [40.518646]
 [40.55474 ]
 [40.686443]
 [40.852924]
 [41.008537]
 [41.367035]
 [42.02333 ]
 [42.501076]
 [42.765194]
 [42.784843]
 [42.89309 ]
 [42.99413 ]
 [43.08649 ]
 [42.97766 ]
 [42.903355]
 [42.90779 ]
 [42.933697]
 [42.898838]
 [42.65132 ]
 [42.041546]
 [41.425316]
 [41.224014]
 [41.281857]
 [41.55105 ]
 [41.915375]
 [42.18739 ]
 [42.231274]
 [42.109863]
 [41.76897 ]
 [41.35991 ]
 [41.037373]
 [41.1298  ]
 [41.261353]
 [41.501495]
 [41.832832]
 [42.250813]
 [42.592026]
 [42.723167]
 [42.52614 ]
 [41.999805]
 [41.88298 ]
 [42.01971 ]
 [42.235367]
 [42.21035 ]
 [42.23268 ]
 [42.23575 ]
 [42.43535 ]
 [42.74435 ]
 [43.0078  ]
 [43.335125]
 [43.65824 ]
 [43.773098]
 [43.62039 ]
 [43.384262]
 [43.331573]
 [43.268055]
 [43.364407]
 [43.178265]
 [42.744217]
 [42.230988]
 [41.844963]
 [41.625053]
 [41.61265 ]
 [41.817112]
 [42.212784]
 [42.81083 ]
 [43.264217]
 [43.641266]
 [43.929573]
 [44.10338 ]
 [43.91178 ]
 [43.628353]
 [43.323586]
 [43.09058 ]
 [43.087234]
 [43.244972]
 [43.43799 ]
 [43.434486]
 [43.43468 ]
 [43.31546 ]
 [43.24404 ]
 [43.169556]
 [43.21917 ]
 [43.243965]
 [43.297554]
 [43.236523]
 [43.17071 ]
 [42.953186]
 [42.696716]
 [42.406864]
 [42.37798 ]
 [42.378136]
 [42.349503]
 [42.11902 ]
 [41.843605]
 [41.66974 ]
 [41.58258 ]
 [41.617825]
 [41.70352 ]
 [41.88666 ]
 [42.07302 ]
 [42.390076]
 [42.67069 ]
 [42.819168]
 [42.83144 ]
 [42.841614]
 [42.825436]
 [42.794388]
 [42.81981 ]
 [42.776325]
 [42.61216 ]
 [42.379295]
 [42.267853]
 [42.307907]
 [42.57056 ]
 [42.864376]
 [43.102905]
 [43.262527]
 [43.40552 ]
 [43.434654]
 [43.44326 ]
 [43.514763]
 [43.584164]
 [43.696407]
 [43.874477]
 [44.087894]
 [44.202198]
 [44.246723]
 [44.244286]
 [44.166813]
 [44.134285]
 [44.180588]
 [44.306847]
 [44.360664]
 [44.327038]
 [44.278664]
 [44.51572 ]
 [44.743404]
 [44.93332 ]
 [44.99054 ]
 [45.071785]
 [45.072006]
 [45.12952 ]
 [45.24579 ]
 [45.26201 ]
 [45.254158]
 [45.32933 ]
 [45.52451 ]
 [45.67735 ]
 [45.81787 ]
 [45.973248]
 [46.1352  ]
 [46.22275 ]
 [46.200302]
 [46.130836]
 [46.168056]
 [46.15978 ]
 [46.277374]
 [46.37212 ]
 [46.378696]
 [46.402836]
 [46.499557]
 [46.613647]
 [46.676064]
 [46.74349 ]
 [46.677357]
 [46.54992 ]
 [46.53994 ]
 [46.521908]
 [46.61878 ]
 [46.655907]
 [46.64353 ]
 [46.878204]
 [47.027718]
 [47.05845 ]
 [47.072212]
 [47.05774 ]
 [47.116486]
 [47.13022 ]
 [47.049545]
 [46.970818]
 [47.07216 ]
 [47.19507 ]
 [47.22754 ]
 [47.0826  ]
 [47.01407 ]
 [47.096313]
 [47.175488]
 [47.171043]
 [47.15521 ]
 [47.273785]
 [47.34048 ]
 [47.37712 ]
 [47.428776]
 [47.13198 ]
 [47.02753 ]
 [47.121418]
 [47.14824 ]
 [47.22247 ]
 [46.84779 ]
 [46.633465]
 [46.94298 ]
 [47.21422 ]
 [47.386253]
 [47.222374]
 [46.969685]
 [47.019676]
 [47.082363]
 [46.960606]
 [46.90342 ]
 [46.84134 ]
 [46.837223]
 [46.93622 ]
 [46.89813 ]
 [46.86623 ]
 [46.839207]
 [46.80754 ]
 [46.716312]
 [46.528427]
 [46.547142]
 [46.694355]
 [46.84731 ]
 [46.970905]
 [46.8827  ]
 [46.86362 ]
 [46.929012]
 [46.98295 ]
 [46.93308 ]
 [46.868546]
 [46.786953]
 [46.822384]
 [46.87606 ]
 [46.956436]
 [47.01349 ]
 [46.9765  ]
 [46.99064 ]
 [46.91727 ]
 [46.834846]
 [46.852936]
 [46.94045 ]
 [47.033134]
 [47.064964]
 [47.040604]
 [46.95592 ]
 [46.91495 ]
 [46.90804 ]
 [46.870018]
 [46.86997 ]
 [46.90868 ]
 [46.98027 ]
 [47.0715  ]
 [47.06612 ]
 [47.140106]
 [47.232506]
 [47.180386]
 [47.1241  ]
 [47.04314 ]
 [47.06522 ]
 [47.130642]
 [47.120552]
 [47.218037]
 [47.163452]
 [47.250034]
 [47.206314]
 [47.007156]
 [46.928524]
 [46.798504]
 [46.825985]
 [47.06885 ]
 [47.154545]
 [47.119194]
 [47.103268]
 [47.129032]
 [47.18859 ]
 [47.204945]
 [47.150364]
 [47.093067]
 [47.14403 ]
 [47.214973]
 [47.175354]
 [47.117344]
 [46.997097]
 [47.188187]
 [47.298286]
 [47.33415 ]
 [47.20512 ]
 [47.155167]
 [47.28488 ]
 [47.3787  ]
 [47.410164]
 [47.37227 ]
 [47.24857 ]
 [47.25133 ]
 [47.24731 ]
 [47.245464]
 [47.413635]
 [47.442913]
 [47.281227]
 [47.11638 ]
 [47.033787]
 [47.15226 ]
 [47.305893]
 [47.35883 ]
 [47.32206 ]
 [47.44193 ]
 [47.46925 ]
 [47.54084 ]
 [47.543762]
 [47.29088 ]
 [47.247208]
 [47.369602]
 [47.36843 ]
 [47.30496 ]
 [47.282185]
 [47.430733]
 [47.548897]
 [47.45509 ]
 [47.221474]
 [47.248257]
 [47.32542 ]
 [47.279392]
 [47.128494]
 [47.139477]]
sigmoid:
[[48.61267 ]
 [48.21034 ]
 [47.720375]
 [47.035545]
 [46.507195]
 [46.052692]
 [45.77627 ]
 [45.542175]
 [45.406803]
 [45.266396]
 [45.101154]
 [44.939198]
 [44.775356]
 [44.65643 ]
 [44.525124]
 [44.37141 ]
 [44.230663]
 [44.117683]
 [44.037365]
 [43.91308 ]
 [43.81999 ]
 [43.83367 ]
 [44.02847 ]
 [44.282112]
 [44.549034]
 [44.744846]
 [44.850845]
 [44.89235 ]
 [44.91514 ]
 [44.92787 ]
 [44.943222]
 [44.95198 ]
 [44.969616]
 [44.97646 ]
 [44.985744]
 [44.99138 ]
 [44.98227 ]
 [44.95851 ]
 [44.87957 ]
 [44.72412 ]
 [44.55888 ]
 [44.45184 ]
 [44.39934 ]
 [44.309574]
 [44.221336]
 [44.111267]
 [44.04697 ]
 [43.99782 ]
 [44.023773]
 [44.142303]
 [44.299843]
 [44.429596]
 [44.52456 ]
 [44.53286 ]
 [44.453335]
 [44.321907]
 [44.160263]
 [43.9813  ]
 [43.82577 ]
 [43.69468 ]
 [43.57784 ]
 [43.488457]
 [43.314194]
 [43.08252 ]
 [42.88638 ]
 [42.71476 ]
 [42.705914]
 [42.750546]
 [42.898346]
 [43.077614]
 [43.262283]
 [43.42435 ]
 [43.61365 ]
 [43.854717]
 [44.15951 ]
 [44.451138]
 [44.716602]
 [44.902225]
 [45.064335]
 [45.204144]
 [45.334606]
 [45.465084]
 [45.646465]
 [45.91687 ]
 [46.149612]
 [46.340305]
 [46.454407]
 [46.570457]
 [46.664394]
 [46.71577 ]
 [46.715385]
 [46.728065]
 [46.74286 ]
 [46.748352]
 [46.73323 ]
 [46.669216]
 [46.51716 ]
 [46.33849 ]
 [46.20443 ]
 [46.128838]
 [46.142677]
 [46.189407]
 [46.25871 ]
 [46.3195  ]
 [46.316425]
 [46.239372]
 [46.138157]
 [46.019093]
 [45.991867]
 [45.961346]
 [45.98902 ]
 [46.089363]
 [46.224377]
 [46.37212 ]
 [46.462154]
 [46.468143]
 [46.39203 ]
 [46.37057 ]
 [46.36347 ]
 [46.405876]
 [46.39102 ]
 [46.399647]
 [46.416523]
 [46.479694]
 [46.561382]
 [46.642864]
 [46.771843]
 [46.899883]
 [46.95854 ]
 [46.96974 ]
 [46.94061 ]
 [46.94578 ]
 [46.932423]
 [46.934364]
 [46.86973 ]
 [46.776665]
 [46.643368]
 [46.491627]
 [46.374107]
 [46.30195 ]
 [46.289074]
 [46.360794]
 [46.512836]
 [46.66521 ]
 [46.832203]
 [46.963398]
 [47.068474]
 [47.07406 ]
 [47.042824]
 [46.97666 ]
 [46.91899 ]
 [46.904297]
 [46.898716]
 [46.927246]
 [46.93453 ]
 [46.939697]
 [46.915245]
 [46.899952]
 [46.880882]
 [46.884068]
 [46.88089 ]
 [46.89015 ]
 [46.87648 ]
 [46.863956]
 [46.806717]
 [46.73886 ]
 [46.65111 ]
 [46.61387 ]
 [46.576706]
 [46.541348]
 [46.456066]
 [46.367306]
 [46.297085]
 [46.228584]
 [46.19279 ]
 [46.181156]
 [46.21847 ]
 [46.27579 ]
 [46.370453]
 [46.47001 ]
 [46.55842 ]
 [46.60986 ]
 [46.64234 ]
 [46.662884]
 [46.67721 ]
 [46.69113 ]
 [46.677048]
 [46.64307 ]
 [46.5863  ]
 [46.540924]
 [46.527817]
 [46.57292 ]
 [46.6367  ]
 [46.711777]
 [46.779617]
 [46.847   ]
 [46.888096]
 [46.915745]
 [46.94712 ]
 [46.977077]
 [47.02186 ]
 [47.07236 ]
 [47.13453 ]
 [47.186745]
 [47.217922]
 [47.231075]
 [47.225727]
 [47.230434]
 [47.242126]
 [47.267914]
 [47.28324 ]
 [47.281162]
 [47.276615]
 [47.346027]
 [47.401367]
 [47.455315]
 [47.476707]
 [47.509052]
 [47.53851 ]
 [47.563545]
 [47.580143]
 [47.590244]
 [47.611042]
 [47.638065]
 [47.681858]
 [47.73286 ]
 [47.787186]
 [47.83286 ]
 [47.877766]
 [47.871815]
 [47.88422 ]
 [47.883255]
 [47.90335 ]
 [47.91815 ]
 [47.938057]
 [47.95062 ]
 [47.96955 ]
 [47.99711 ]
 [48.02545 ]
 [48.04258 ]
 [48.05369 ]
 [48.030952]
 [48.03129 ]
 [48.02011 ]
 [48.03506 ]
 [48.046314]
 [48.068928]
 [48.102287]
 [48.145008]
 [48.160645]
 [48.185833]
 [48.19118 ]
 [48.203342]
 [48.2028  ]
 [48.20693 ]
 [48.205276]
 [48.211834]
 [48.22389 ]
 [48.22838 ]
 [48.230263]
 [48.222473]
 [48.237988]
 [48.241146]
 [48.254055]
 [48.25557 ]
 [48.26833 ]
 [48.270016]
 [48.267773]
 [48.26289 ]
 [48.24744 ]
 [48.21369 ]
 [48.22127 ]
 [48.205566]
 [48.205578]
 [48.17713 ]
 [48.15385 ]
 [48.181534]
 [48.195812]
 [48.215782]
 [48.2128  ]
 [48.198196]
 [48.18226 ]
 [48.18034 ]
 [48.16695 ]
 [48.148914]
 [48.140236]
 [48.126156]
 [48.133995]
 [48.126274]
 [48.125042]
 [48.11694 ]
 [48.10585 ]
 [48.088577]
 [48.06295 ]
 [48.04494 ]
 [48.07124 ]
 [48.07746 ]
 [48.11525 ]
 [48.114822]
 [48.130295]
 [48.127525]
 [48.143208]
 [48.13724 ]
 [48.132084]
 [48.121155]
 [48.12132 ]
 [48.131084]
 [48.13482 ]
 [48.154675]
 [48.14993 ]
 [48.153725]
 [48.144688]
 [48.142075]
 [48.138058]
 [48.14939 ]
 [48.15968 ]
 [48.168026]
 [48.166164]
 [48.161972]
 [48.151325]
 [48.14916 ]
 [48.142776]
 [48.147934]
 [48.155296]
 [48.171925]
 [48.186985]
 [48.203526]
 [48.210823]
 [48.22627 ]
 [48.222923]
 [48.22076 ]
 [48.21597 ]
 [48.21532 ]
 [48.220387]
 [48.220634]
 [48.226048]
 [48.228153]
 [48.21612 ]
 [48.220215]
 [48.187904]
 [48.18129 ]
 [48.15976 ]
 [48.170414]
 [48.183132]
 [48.208897]
 [48.212494]
 [48.22674 ]
 [48.230003]
 [48.241367]
 [48.24335 ]
 [48.247528]
 [48.247772]
 [48.252556]
 [48.260773]
 [48.26602 ]
 [48.270355]
 [48.277687]
 [48.28786 ]
 [48.308052]
 [48.308884]
 [48.32148 ]
 [48.316696]
 [48.331837]
 [48.331604]
 [48.33863 ]
 [48.335052]
 [48.333122]
 [48.32921 ]
 [48.33347 ]
 [48.333256]
 [48.338875]
 [48.341053]
 [48.334843]
 [48.33307 ]
 [48.334797]
 [48.344025]
 [48.35501 ]
 [48.362354]
 [48.366863]
 [48.367737]
 [48.369846]
 [48.362156]
 [48.36072 ]
 [48.34523 ]
 [48.337673]
 [48.337536]
 [48.33383 ]
 [48.330006]
 [48.3276  ]
 [48.328728]
 [48.326714]
 [48.31592 ]
 [48.30361 ]
 [48.294357]
 [48.293694]
 [48.282707]
 [48.281517]
 [48.277588]
 [48.28761 ]
 [48.285976]]

