real:
[[43.445]
 [43.778]
 [44.569]
 [45.236]
 [44.503]
 [44.913]
 [44.363]
 [44.962]
 [44.126]
 [43.096]
 [43.725]
 [43.293]
 [43.538]
 [42.842]
 [42.349]
 [42.882]
 [42.855]
 [42.724]
 [41.758]
 [42.677]
 [44.019]
 [45.381]
 [44.887]
 [45.281]
 [45.114]
 [44.336]
 [44.44 ]
 [44.785]
 [44.555]
 [44.603]
 [44.609]
 [44.802]
 [44.55 ]
 [44.67 ]
 [44.713]
 [44.369]
 [44.282]
 [43.438]
 [42.516]
 [43.093]
 [43.801]
 [43.51 ]
 [42.266]
 [42.961]
 [42.682]
 [43.001]
 [42.875]
 [43.708]
 [44.708]
 [44.379]
 [43.947]
 [44.27 ]
 [43.303]
 [42.516]
 [42.68 ]
 [42.337]
 [41.901]
 [42.266]
 [42.182]
 [41.849]
 [42.143]
 [40.634]
 [40.536]
 [41.621]
 [40.844]
 [42.453]
 [41.956]
 [42.72 ]
 [43.052]
 [42.827]
 [43.021]
 [43.922]
 [44.692]
 [45.437]
 [45.273]
 [45.651]
 [45.271]
 [45.889]
 [46.218]
 [46.229]
 [46.798]
 [48.397]
 [50.72 ]
 [49.563]
 [49.729]
 [49.967]
 [51.224]
 [51.266]
 [50.152]
 [49.627]
 [50.968]
 [50.947]
 [50.083]
 [49.845]
 [48.651]
 [46.28 ]
 [46.33 ]
 [47.512]
 [47.452]
 [48.459]
 [48.62 ]
 [48.854]
 [48.967]
 [47.472]
 [46.323]
 [46.697]
 [46.141]
 [47.826]
 [46.743]
 [47.534]
 [49.709]
 [49.72 ]
 [50.07 ]
 [49.42 ]
 [48.017]
 [47.01 ]
 [49.356]
 [48.973]
 [49.191]
 [47.831]
 [48.938]
 [49.563]
 [50.145]
 [50.714]
 [50.828]
 [53.191]
 [53.75 ]
 [51.353]
 [51.257]
 [51.237]
 [52.373]
 [51.284]
 [51.478]
 [49.576]
 [48.709]
 [48.011]
 [47.108]
 [47.774]
 [48.121]
 [48.559]
 [50.274]
 [52.174]
 [51.87 ]
 [53.402]
 [53.968]
 [53.988]
 [51.411]
 [51.224]
 [51.008]
 [50.723]
 [51.873]
 [51.478]
 [52.229]
 [51.608]
 [51.494]
 [50.905]
 [51.245]
 [51.131]
 [51.528]
 [51.214]
 [51.508]
 [50.842]
 [50.856]
 [49.529]
 [49.187]
 [48.768]
 [49.873]
 [49.167]
 [48.524]
 [47.413]
 [47.547]
 [47.985]
 [47.151]
 [47.685]
 [48.101]
 [48.793]
 [48.977]
 [49.973]
 [50.39 ]
 [50.27 ]
 [49.905]
 [50.133]
 [50.291]
 [50.158]
 [50.309]
 [49.522]
 [49.09 ]
 [48.712]
 [48.98 ]
 [49.624]
 [50.778]
 [50.842]
 [51.184]
 [51.63 ]
 [52.108]
 [51.64 ]
 [51.671]
 [52.488]
 [52.516]
 [53.14 ]]
tanh:
[[48.69077 ]
 [20.167036]
 [29.54762 ]
 [28.062855]
 [33.295464]
 [34.13964 ]
 [37.305256]
 [39.477825]
 [37.321236]
 [38.864227]
 [36.784508]
 [39.306427]
 [38.972427]
 [40.339127]
 [39.41699 ]
 [37.148483]
 [37.92673 ]
 [38.33563 ]
 [39.68946 ]
 [38.00812 ]
 [38.781155]
 [39.548508]
 [39.82528 ]
 [39.823357]
 [39.336594]
 [40.02286 ]
 [39.456573]
 [39.711567]
 [39.60269 ]
 [39.525932]
 [39.85607 ]
 [39.493324]
 [39.84425 ]
 [39.520874]
 [39.766087]
 [39.70358 ]
 [39.549282]
 [39.659565]
 [39.150383]
 [38.929955]
 [39.066017]
 [39.358677]
 [39.24872 ]
 [38.769604]
 [39.089836]
 [38.923553]
 [39.048077]
 [38.948456]
 [39.393505]
 [39.78304 ]
 [39.559555]
 [39.40865 ]
 [39.47443 ]
 [39.113625]
 [38.81053 ]
 [38.938118]
 [38.831776]
 [38.648087]
 [38.789875]
 [38.76943 ]
 [38.6344  ]
 [38.703266]
 [38.089966]
 [38.10804 ]
 [38.475487]
 [38.164177]
 [38.862286]
 [38.60095 ]
 [39.053787]
 [39.04629 ]
 [38.986115]
 [39.08355 ]
 [39.40179 ]
 [39.777817]
 [39.959267]
 [39.904755]
 [39.992126]
 [39.813057]
 [40.066525]
 [40.144333]
 [40.18447 ]
 [40.388603]
 [40.946182]
 [41.627407]
 [40.893482]
 [41.056927]
 [41.097065]
 [41.62575 ]
 [41.43857 ]
 [41.025234]
 [41.01336 ]
 [41.50664 ]
 [41.418907]
 [41.00651 ]
 [41.042793]
 [40.65024 ]
 [39.88538 ]
 [40.01368 ]
 [40.49635 ]
 [40.501564]
 [40.883556]
 [40.903057]
 [40.96633 ]
 [40.832233]
 [40.22502 ]
 [39.990917]
 [40.255474]
 [40.07959 ]
 [40.7553  ]
 [40.187008]
 [40.61995 ]
 [41.259686]
 [41.103165]
 [41.23502 ]
 [40.843056]
 [40.528008]
 [40.16034 ]
 [41.111855]
 [40.815884]
 [41.001137]
 [40.44505 ]
 [41.009853]
 [41.124794]
 [41.16323 ]
 [41.411144]
 [41.397507]
 [42.2861  ]
 [42.02675 ]
 [41.11342 ]
 [41.237732]
 [41.329502]
 [41.905293]
 [41.268654]
 [41.54792 ]
 [40.7771  ]
 [40.67281 ]
 [40.44284 ]
 [40.16743 ]
 [40.629383]
 [40.67609 ]
 [41.02715 ]
 [41.431618]
 [41.90278 ]
 [41.52133 ]
 [42.06666 ]
 [42.134655]
 [42.055294]
 [41.079086]
 [41.244606]
 [41.336197]
 [41.27245 ]
 [41.719116]
 [41.456696]
 [41.858116]
 [41.405193]
 [41.45799 ]
 [41.235153]
 [41.43481 ]
 [41.441906]
 [41.58906 ]
 [41.478085]
 [41.50689 ]
 [41.264587]
 [41.310844]
 [40.861404]
 [40.880272]
 [40.77768 ]
 [41.261494]
 [40.893806]
 [40.715214]
 [40.323696]
 [40.471638]
 [40.661793]
 [40.28311 ]
 [40.644703]
 [40.72495 ]
 [41.02604 ]
 [40.902737]
 [41.240154]
 [41.321117]
 [41.219612]
 [41.126682]
 [41.181942]
 [41.265713]
 [41.149136]
 [41.272568]
 [40.970116]
 [40.87302 ]
 [40.742134]
 [40.90069 ]
 [41.156353]
 [41.493828]
 [41.43403 ]
 [41.504955]
 [41.591106]
 [41.684124]
 [41.46209 ]
 [41.53139 ]
 [41.84809 ]
 [41.780457]]

relu:
[[43.66015 ]
 [49.322784]
 [53.0461  ]
 [47.265842]
 [42.35702 ]
 [41.258747]
 [41.032265]
 [41.05874 ]
 [40.514744]
 [39.599308]
 [39.206295]
 [39.60438 ]
 [39.457573]
 [38.896065]
 [38.792408]
 [38.89743 ]
 [38.668144]
 [38.41623 ]
 [38.465397]
 [38.444782]
 [38.310806]
 [38.47226 ]
 [39.212044]
 [39.932056]
 [40.399414]
 [40.403545]
 [40.182457]
 [39.98819 ]
 [39.937634]
 [39.900124]
 [39.886604]
 [39.937634]
 [40.011078]
 [39.97282 ]
 [39.960903]
 [39.982372]
 [39.943394]
 [39.84456 ]
 [39.62894 ]
 [39.216125]
 [38.828403]
 [38.799107]
 [38.98955 ]
 [38.958744]
 [38.810802]
 [38.578533]
 [38.543026]
 [38.582222]
 [38.85412 ]
 [39.25227 ]
 [39.597332]
 [39.796444]
 [39.818398]
 [39.533432]
 [39.08934 ]
 [38.707577]
 [38.43018 ]
 [38.153885]
 [37.98249 ]
 [37.977627]
 [37.97799 ]
 [37.928947]
 [37.637905]
 [37.179108]
 [36.886494]
 [36.847622]
 [37.243385]
 [37.61153 ]
 [38.093636]
 [38.398655]
 [38.64516 ]
 [38.764595]
 [38.93708 ]
 [39.318134]
 [39.844368]
 [40.265945]
 [40.538456]
 [40.518646]
 [40.55474 ]
 [40.686443]
 [40.852924]
 [41.008537]
 [41.367035]
 [42.02333 ]
 [42.501076]
 [42.765194]
 [42.784843]
 [42.89309 ]
 [42.99413 ]
 [43.08649 ]
 [42.97766 ]
 [42.903355]
 [42.90779 ]
 [42.933697]
 [42.898838]
 [42.65132 ]
 [42.041546]
 [41.425316]
 [41.224014]
 [41.281857]
 [41.55105 ]
 [41.915375]
 [42.18739 ]
 [42.231274]
 [42.109863]
 [41.76897 ]
 [41.35991 ]
 [41.037373]
 [41.1298  ]
 [41.261353]
 [41.501495]
 [41.832832]
 [42.250813]
 [42.592026]
 [42.723167]
 [42.52614 ]
 [41.999805]
 [41.88298 ]
 [42.01971 ]
 [42.235367]
 [42.21035 ]
 [42.23268 ]
 [42.23575 ]
 [42.43535 ]
 [42.74435 ]
 [43.0078  ]
 [43.335125]
 [43.65824 ]
 [43.773098]
 [43.62039 ]
 [43.384262]
 [43.331573]
 [43.268055]
 [43.364407]
 [43.178265]
 [42.744217]
 [42.230988]
 [41.844963]
 [41.625053]
 [41.61265 ]
 [41.817112]
 [42.212784]
 [42.81083 ]
 [43.264217]
 [43.641266]
 [43.929573]
 [44.10338 ]
 [43.91178 ]
 [43.628353]
 [43.323586]
 [43.09058 ]
 [43.087234]
 [43.244972]
 [43.43799 ]
 [43.434486]
 [43.43468 ]
 [43.31546 ]
 [43.24404 ]
 [43.169556]
 [43.21917 ]
 [43.243965]
 [43.297554]
 [43.236523]
 [43.17071 ]
 [42.953186]
 [42.696716]
 [42.406864]
 [42.37798 ]
 [42.378136]
 [42.349503]
 [42.11902 ]
 [41.843605]
 [41.66974 ]
 [41.58258 ]
 [41.617825]
 [41.70352 ]
 [41.88666 ]
 [42.07302 ]
 [42.390076]
 [42.67069 ]
 [42.819168]
 [42.83144 ]
 [42.841614]
 [42.825436]
 [42.794388]
 [42.81981 ]
 [42.776325]
 [42.61216 ]
 [42.379295]
 [42.267853]
 [42.307907]
 [42.57056 ]
 [42.864376]
 [43.102905]
 [43.262527]
 [43.40552 ]
 [43.434654]
 [43.44326 ]
 [43.514763]
 [43.584164]]

sigmoid:
[[48.61267 ]
 [48.21034 ]
 [47.720375]
 [47.035545]
 [46.507195]
 [46.052692]
 [45.77627 ]
 [45.542175]
 [45.406803]
 [45.266396]
 [45.101154]
 [44.939198]
 [44.775356]
 [44.65643 ]
 [44.525124]
 [44.37141 ]
 [44.230663]
 [44.117683]
 [44.037365]
 [43.91308 ]
 [43.81999 ]
 [43.83367 ]
 [44.02847 ]
 [44.282112]
 [44.549034]
 [44.744846]
 [44.850845]
 [44.89235 ]
 [44.91514 ]
 [44.92787 ]
 [44.943222]
 [44.95198 ]
 [44.969616]
 [44.97646 ]
 [44.985744]
 [44.99138 ]
 [44.98227 ]
 [44.95851 ]
 [44.87957 ]
 [44.72412 ]
 [44.55888 ]
 [44.45184 ]
 [44.39934 ]
 [44.309574]
 [44.221336]
 [44.111267]
 [44.04697 ]
 [43.99782 ]
 [44.023773]
 [44.142303]
 [44.299843]
 [44.429596]
 [44.52456 ]
 [44.53286 ]
 [44.453335]
 [44.321907]
 [44.160263]
 [43.9813  ]
 [43.82577 ]
 [43.69468 ]
 [43.57784 ]
 [43.488457]
 [43.314194]
 [43.08252 ]
 [42.88638 ]
 [42.71476 ]
 [42.705914]
 [42.750546]
 [42.898346]
 [43.077614]
 [43.262283]
 [43.42435 ]
 [43.61365 ]
 [43.854717]
 [44.15951 ]
 [44.451138]
 [44.716602]
 [44.902225]
 [45.064335]
 [45.204144]
 [45.334606]
 [45.465084]
 [45.646465]
 [45.91687 ]
 [46.149612]
 [46.340305]
 [46.454407]
 [46.570457]
 [46.664394]
 [46.71577 ]
 [46.715385]
 [46.728065]
 [46.74286 ]
 [46.748352]
 [46.73323 ]
 [46.669216]
 [46.51716 ]
 [46.33849 ]
 [46.20443 ]
 [46.128838]
 [46.142677]
 [46.189407]
 [46.25871 ]
 [46.3195  ]
 [46.316425]
 [46.239372]
 [46.138157]
 [46.019093]
 [45.991867]
 [45.961346]
 [45.98902 ]
 [46.089363]
 [46.224377]
 [46.37212 ]
 [46.462154]
 [46.468143]
 [46.39203 ]
 [46.37057 ]
 [46.36347 ]
 [46.405876]
 [46.39102 ]
 [46.399647]
 [46.416523]
 [46.479694]
 [46.561382]
 [46.642864]
 [46.771843]
 [46.899883]
 [46.95854 ]
 [46.96974 ]
 [46.94061 ]
 [46.94578 ]
 [46.932423]
 [46.934364]
 [46.86973 ]
 [46.776665]
 [46.643368]
 [46.491627]
 [46.374107]
 [46.30195 ]
 [46.289074]
 [46.360794]
 [46.512836]
 [46.66521 ]
 [46.832203]
 [46.963398]
 [47.068474]
 [47.07406 ]
 [47.042824]
 [46.97666 ]
 [46.91899 ]
 [46.904297]
 [46.898716]
 [46.927246]
 [46.93453 ]
 [46.939697]
 [46.915245]
 [46.899952]
 [46.880882]
 [46.884068]
 [46.88089 ]
 [46.89015 ]
 [46.87648 ]
 [46.863956]
 [46.806717]
 [46.73886 ]
 [46.65111 ]
 [46.61387 ]
 [46.576706]
 [46.541348]
 [46.456066]
 [46.367306]
 [46.297085]
 [46.228584]
 [46.19279 ]
 [46.181156]
 [46.21847 ]
 [46.27579 ]
 [46.370453]
 [46.47001 ]
 [46.55842 ]
 [46.60986 ]
 [46.64234 ]
 [46.662884]
 [46.67721 ]
 [46.69113 ]
 [46.677048]
 [46.64307 ]
 [46.5863  ]
 [46.540924]
 [46.527817]
 [46.57292 ]
 [46.6367  ]
 [46.711777]
 [46.779617]
 [46.847   ]
 [46.888096]
 [46.915745]
 [46.94712 ]
 [46.977077]]
